0
44
88
136
184
186
213
218
266
269
294
347
363
390
413
439
445
496
506
516
552
564
568
596
605
610
616
624
663
695
705
710
719
739
775
806
833
854
857
862
893
905
934
944
951
953
979
982
985
997
1006
1016
1045
1054
1069
1081
1112
1125
1179
1182
1198
1202
1205
1228
1236
1291
1307
1317
1321
1333
1372
1379
1385
1437
1469
1486
1502
1529
1550
1558
1589
1599
1606
1636
1646
1671
1695
1702
1708
1722
1732
1754
1770
1780
1788
1797
1809
1849
1890
1904
1927
1957
1959
1965
1971
1982
2035
2047
2062
2070
2103
2127
2134
2144
2152
2161
2170
2179
2244
2252
2262
2275
2287
2292
2297
2304
2346
2358
2395
2402
2410
2430
2432
2441
2450
2459
2469
2477
2483
2506
2512
2540
2548
2552
2586
2599
2601
2609
2647
2658
2669
2681
2695
2716
2738
2749
2788
2800
2819
2845
2849
2872
2878
2897
2903
2920
2930
2932
2954
2966
2972
3031
3058
3066
3077
3091
3098
3107
3141
3155
3170
3190
3201
3224
3228
3235
3241
3253
3265
3283
3295
3311
3334
3343
3359
3386
3392
3405
3412
3422
3430
3440
3448
3456
3460
3472
3489
3510
3527
3539
3555
3567
3588
3608
3639
3643
3653
3660
3679
3690
3703
3755
3772
3781
3817
3827
3837
3870
3901
3913
3923
3933
3946
3956
4009
4021
4031
4042
4063
4074
4134
4147
4185
4197
4212
4224
4243
4258
4312
4325
4332
4343
4362
4378
4395
4403
4463
4470
4489
4505
4534
4548
4606
4625
4647
4674
4697
4722
4743
4763
4775
4793
4809
4843
4882
4952
4973
4991
5001
5009
5016
5027
5043
5063
5071
5093
5156
5168
5207
5230
5236
5268
5280
5343
5354
5380
5389
5398
5407
5430
5493
5560
5600
5607
5639
5651
5661
5724
5735
5740
5771
5796
5804
5813
5821
5830
5839
5851
5863
5875
5908
5916
5949
5965
5987
6011
6030
6039
6052
6074
6102
6131
6159
6168
6174
6194
6197
6210
6218
6239
6249
6266
6276
6309
6320
6324
6358
6363
6379
6389
6432
6443
6446
6455
6464
6478
6512
6524
6555
6579
6588
6626
6638
6681
6717
6728
6736
6768
6801
6811
6822
6832
6852
6857
6913
6943
6956
6965
6982
6988
6998
7008
7029
7044
7060
7116
7124
7180
7190
7192
7204
7225
7238
7247
7305
7319
7322
7334
7345
7350
7362
7372
7406
7416
7427
7433
7441
7447
7460
7478
7488
7525
7529
7589
7599
7633
7661
7668
7690
7697
7703
7715
7718
7726
7783
7788
7813
7823
7834
7847
7854
7862
7873
7901
7910
7922
7931
7945
7954
7984
8010
8023
8049
8086
8099
8119
8133
8167
8177
8190
8206
8217
8270
8281
8292
8301
8331
8347
8359
8384
8438
8449
8465
8481
8496
8512
8523
8534
8544
8558
8582
8592
8602
8618
8652
8672
8685
8701
8717
8733
8742
8755
8776
8789
8802
8812
8867
8877
8912
8939
8951
8980
9005
9007
9039
9041
9065
9074
9094
9128
9141
9153
9160
9166
9174
9208
9220
9238
9247
9257
9279
9305
9312
9324
9336
9346
9353
9359
9371
9377
9391
9421
9438
9449
9458
9483
9498
9521
9545
9571
9579
9591
9608
9619
9632
9666
9676
9724
9744
9766
9787
9801
9814
9824
9834
9855
9868
9902
9910
9922
9929
9941
9953
9978
9981
10031
10048
10061
10070
10077
10082
10092
10107
10118
10129
10135
10147
10156
10177
10187
10200
10214
10224
10232
10246
10263
10296
10312
10365
10375
10383
10401
10418
10439
10457
10472
10508
10519
10540
10595
10606
10619
10631
10637
10648
10673
10680
10689
10733
10753
10778
10788
10799
10852
10867
10888
10898
10906
10959
11012
11023
11037
11050
11066
11110
11144
11161
11177
11231
11248
11270
11292
11344
11365
11388
11398
11419
11428
11437
11447
11504
11517
11526
11557
11580
11600
11611
11637
11665
11685
11696
11719
11729
11765
11769
11785
11807
11841
11853
11858
11878
11888
11908
11931
11953
11966
11989
11997
12017
12030
12042
12053
12060
12109
12133
12157
12169
12180
12192
12202
12223
12228
12240
12261
12271
12311
12326
12342
12352
12355
12386
12398
12408
12413
12422
12429
12437
12448
12469
12524
12540
12550
12561
12588
12592
12627
12634
12691
12700
12706
12717
12726
12742
12753
12763
12803
12864
12871
12882
12895
12917
12971
12991
13001
13015
13028
13040
13052
13064
13073
13084
13096
13107
13119
13163
13223
13233
13264
13277
13285
13300
13314
13327
13385
13426
13434
13450
13464
13486
13495
13510
13526
13537
13579
13632
13654
13677
13687
13698
13705
13726
13756
13769
13792
13808
13826
13842
13858
13873
13887
13901
13913
13937
13942
13956
13965
13976
13985
14001
14015
14031
14041
14053
14068
14076
14101
14123
14134
14160
14169
14185
14196
14211
14226
14242
14264
14279
14303
14313
14331
14385
14392
14400
14409
14427
14439
14469
14499
14508
14531
14546
14558
14569
14582
14610
14619
14622
14643
14662
14701
14717
14733
14746
14773
14797
14813
14826
14835
14845
14863
14873
14895
14905
14921
14928
14956
14995
15022
15047
15060
15072
15119
15155
15162
15176
15185
15196
15245
15300
15312
15325
15337
15354
15389
15409
15453
15491
15506
15527
15548
15569
15605
15644
15664
15677
15684
15707
15723
15738
15762
15777
15801
15842
15858
15870
15884
15899
15916
15930
15983
16038
16055
16075
16099
16142
16156
16179
16200
16211
16239
16255
16271
16284
16294
16310
16342
16363
16379
16420
16482
16544
16573
16592
16605
16619
16634
16648
16679
16702
16725
16751
16776
16800
16825
16859
16894
16914
16935
16963
16988
17014
17044
17068
17095
17126
17150
17203
17207
17231
17254
17275
17281
17299
17320
17324
17332
17345
17353
17374
17380
17390
17415
17435
17441
17464
17472
17486
17499
17505
17521
17537
17548
17553
17573
17595
17598
17615
17626
17640
17664
17676
17695
17701
17728
17750
17791
17797
17818
17838
17858
17870
17885
17895
17902
17914
17929
17960
17974
17982
17990
18011
18015
18033
18053
18058
18079
18095
18099
18102
18114
18124
18136
18152
18166
18184
18196
18207
18218
18227
18237
18249
18259
18269
18295
18317
18338
18359
18376
18399
18420
